8
16
60
79
86
108
114
115
118
120
175
179
180
192
199
231
281
283
330
365
368
386
399
418
435
441
488
492
585
587
589
599
604
624
662
696
701
704
744
832
900
932
948
955
968
971
973
987
997
1002
1011
1156
1165
1255
1266
1287
1294
1311
1318
1319
1323
1339
1369
1410
1414
1425
1477
1482
1523
1533
1538
1540
1574
1577
1595
1619
1622
1648
1661
1671
1678
1690
1744
1745
1746
1772
1778
1817
1868
1884
1902
1912
1937
1983
2046
2059
2073
2096
2102
2122
2135
2147
2152
2158
2221
2230
2231
2240
2333
2359
2383
2415
2444
2468
2471
2473
2478
2485
2486
2543
2556
2557
2576
2583
2587
2630
2637
2642
2655
2682
2723
2761
2839
2848
2881
2896
2903
2905
2907
2910
2928
2930
2950
2974
2990
2996
3005
3006
3008
3019
3024
3039
3045
3103
3128
3132
3140
3158
3189
3196
3211
3218
3219
3229
3238
3245
3255
3256
3303
3309
3310
3316
3335
3339
3402
3473
3476
3478
3489
3490
3512
3556
3562
3574
3616
3635
3646
3647
3648
3653
3663
3674
3721
3735
3737
3743
3794
3802
3824
3826
3834
3835
3847
3925
3931
3937
3959
3966
3991
3997
3998
4010
4013
4060
4061
4063
4091
4112
4125
4135
4188
4189
4191
4201
4206
4219
4265
4270
4276
4320
4334
4335
4355
4371
4388
4400
4401
4403
4451
4469
4486
4488
4499
4513
4516
4534
4537
4561
4586
4587

4590

4592

4613

4635

4662

4723

4738

4841

4904

4910

4911

4915

4918

4941

4944

4990

5002

5006

5012

5015

5026

5074

5104

5124

5160

5190

5293

5295

5411

5414

5417

5429

5431

5437

5454

5458

5468

5472

5496

5499

5511

5515

5516

5526

5572

5588

5607

5614

5627

5635

5648

5654

5663

5677

5696

5705

5737

5802

5803

5816

5818

5829

5839

5842

5869

5887

5892

5908

5960

5970

5985

6023

6025

6026

6055

6061

6133

6191

6225

6304

6305

6314

6321

6325

6340

6348

6357

6361

6366

6369

6377

6384

6388

6390

6396

6404

6409

6411

6413

6414

6418

6429

6430

6431

6434

6442

6443

6445

6464

6474

6502

6508

6517

6519

6530

6546

6547

6554

6560

6579

6640

6652

6658

6666

6695

6704

6705

6739

6754
