
11

20

25

27

45

48

51

67

71

75

78

93

95

101

103

111

125

126

131

133

135

144

148

156

177

178

190

191

193

195

203

219

222

225

229

230

234

236

244

250

254

263

271

272

292

303

329

333

340

341

346

354

359

369

379

384

401

449

501

537

538

558

597

639

677

694

702

708

747

829

834

836

876

930

935

1018

1058

1071

1073

1086

1111

1114

1153

1155

1262

1288

1391

1418

1511

1519

1610

1625

1629

1640

1660

1675

1676

1706

1710

1714

1720

1721

1730

1731

1732

1781

1796

1806

1807

1810

1816

1880

1885

1923

1939

1985

1986

1987

2039

2052

2056

2068

2084

2164

2168

2169

2177

2181

2194

2220

2252

2338

2363

2370

2377

2399

2410

2421

2451

2481

2491

2500

2502

2509

2512

2534

2537

2574

2590

2601

2607

2614

2648

2781

2783

2791

2851

2869

2977

3015

3044

3090

3130

3138

3142

3157

3172

3176

3201

3260

3277

3284

3293

3299

3324

3359

3386

3419

3464

3467

3492

3494

3504

3525

3547

3623

3719

3755

3799

3926

3928

3929

3954

3974

3990

4028

4085

4122

4143

4176

4198

4207

4241

4242

4253

4272

4284

4342

4356

4456

4481

4485

4506

4508

4521

4522

4539

4564

4571

4607

4618

4750

4761

4859

4905

4926

4959

4961

4991

5016

5036

5123

5172

5222

5243

5279

5401

5413

5422

5464

5528

5553

5618

5675

5687

5690

5719

5736

5801

5813


5847

5891

5895

5952

5976

6201

6317

6318

6324

6328

6329

6334

6337

6381

6391

6401

6417

6419

6424

6451

6460

6490

6613

6622

6630

6651

6746

6758

6763
